  0.0000000e+000  0.0000000e+000  0.0000000e+000  0.0000000e+000  0.0000000e+000  0.0000000e+000  0.0000000e+000  0.0000000e+000  0.0000000e+000  0.0000000e+000  0.0000000e+000  0.0000000e+000  0.0000000e+000  0.0000000e+000  0.0000000e+000  0.0000000e+000  0.0000000e+000 -9.1409582e-002 -2.1055347e-002 -1.3478904e-002 -1.5426572e-002  1.8257496e-003 -1.1257623e-002 -6.9270758e-003 -1.3320679e-002  2.0422582e-003  1.1775582e-002  9.5324947e-003  4.7043252e-003 -4.8376142e-003 -9.5028525e-003 -4.0360704e-003 -9.3689961e-003 -7.5187260e-003
  0.0000000e+000  0.0000000e+000  0.0000000e+000  0.0000000e+000  0.0000000e+000  0.0000000e+000  0.0000000e+000  0.0000000e+000  0.0000000e+000  0.0000000e+000  0.0000000e+000  0.0000000e+000  0.0000000e+000  0.0000000e+000  0.0000000e+000  0.0000000e+000  0.0000000e+000  1.0000000e+000  7.4584144e-001  9.7812212e-001  6.7816575e-001 -1.0000000e+000  9.6730982e-001 -1.0000000e+000 -1.0000000e+000 -1.0000000e+000  6.5421001e-001  4.4664577e-001  2.0040452e-001 -9.9836401e-001 -9.9732971e-001 -2.6030022e-001 -7.4401049e-001 -5.1907853e-001
  0.0000000e+000  0.0000000e+000  0.0000000e+000  0.0000000e+000  0.0000000e+000  0.0000000e+000  0.0000000e+000  0.0000000e+000  0.0000000e+000  0.0000000e+000  0.0000000e+000  0.0000000e+000  0.0000000e+000  0.0000000e+000  0.0000000e+000  0.0000000e+000  0.0000000e+000  1.1705550e-001  1.3883818e-002 -6.3670519e-003  1.0818795e-002  2.3392416e-002 -4.3383425e-003  2.7414828e-002  2.0321003e-002  1.8516316e-002 -3.8899977e-003  4.8953365e-003  5.0423225e-003  2.1726066e-002  1.6136690e-002 -3.4066189e-003  4.3191163e-003 -2.6486616e-003
  0.0000000e+000  0.0000000e+000  0.0000000e+000  0.0000000e+000  0.0000000e+000  0.0000000e+000  0.0000000e+000  0.0000000e+000  0.0000000e+000  0.0000000e+000  0.0000000e+000  0.0000000e+000  0.0000000e+000  0.0000000e+000  0.0000000e+000  0.0000000e+000  0.0000000e+000 -6.9020462e-001 -8.1226881e-001 -9.2232221e-001 -8.1809916e-001  5.4670908e-001 -9.9828390e-001 -5.3133524e-002 -7.7432225e-001  6.2993239e-001  9.9634437e-001  9.8263009e-001  5.4076598e-001  3.8874874e-002 -6.5253714e-001 -6.0157012e-001 -1.0000000e+000 -9.9933277e-001
  0.0000000e+000  0.0000000e+000  0.0000000e+000  0.0000000e+000  0.0000000e+000  0.0000000e+000  0.0000000e+000  0.0000000e+000  0.0000000e+000  0.0000000e+000  0.0000000e+000  0.0000000e+000  0.0000000e+000  0.0000000e+000  0.0000000e+000  0.0000000e+000  0.0000000e+000 -1.3966233e-001 -9.6115911e-003  2.0571358e-002 -6.7765207e-003 -2.8262016e-002  1.7266776e-002 -7.9470106e-003  1.7715154e-002 -2.3724583e-002 -1.7261227e-002 -4.7016198e-003  3.5833883e-003 -7.1684892e-003  1.2341810e-002 -2.2553894e-003  1.3360233e-002  3.7751530e-003
  0.0000000e+000  0.0000000e+000  0.0000000e+000  0.0000000e+000  0.0000000e+000  0.0000000e+000  0.0000000e+000  0.0000000e+000  0.0000000e+000  0.0000000e+000  0.0000000e+000  0.0000000e+000  0.0000000e+000  0.0000000e+000  0.0000000e+000  0.0000000e+000  0.0000000e+000  4.4787137e-001  9.2508069e-001  7.1599860e-001  9.3932892e-001  1.9617057e-001  7.5584309e-001  9.2529669e-001  8.4269758e-001  2.0040847e-001  1.9690850e-001  9.9544642e-001  8.3518840e-001  9.5476157e-001  8.8839542e-001 -8.6052832e-001 -1.2533937e-001 -9.4645163e-001
  0.0000000e+000  0.0000000e+000  0.0000000e+000  0.0000000e+000  0.0000000e+000  0.0000000e+000  0.0000000e+000  0.0000000e+000  0.0000000e+000  0.0000000e+000  0.0000000e+000  0.0000000e+000  0.0000000e+000  0.0000000e+000  0.0000000e+000  0.0000000e+000  0.0000000e+000  1.5133215e-001  4.4377746e-003 -2.9677994e-002  2.2319651e-003  1.3368311e-002 -2.4917707e-002 -2.1566783e-002 -1.9007336e-002  1.0585556e-002 -9.6129180e-003 -1.1842485e-002  1.2716697e-003 -1.7499341e-002 -1.4345199e-002 -7.8987144e-004  7.1968833e-003  8.1728028e-003
  0.0000000e+000  0.0000000e+000  0.0000000e+000  0.0000000e+000  0.0000000e+000  0.0000000e+000  0.0000000e+000  0.0000000e+000  0.0000000e+000  0.0000000e+000  0.0000000e+000  0.0000000e+000  0.0000000e+000  0.0000000e+000  0.0000000e+000  0.0000000e+000  0.0000000e+000 -1.6077391e-001 -9.8454007e-001 -3.0104540e-001 -1.0000000e+000 -8.1260556e-001 -2.7706483e-001 -5.8309556e-001  7.8503559e-001 -8.7669757e-001 -8.2768577e-001  4.1154824e-001  1.0000000e+000 -5.9895896e-001  7.7995275e-001 -9.9980125e-001  8.9184687e-001 -3.8514537e-001
  0.0000000e+000  0.0000000e+000  0.0000000e+000  0.0000000e+000  0.0000000e+000  0.0000000e+000  0.0000000e+000  0.0000000e+000  0.0000000e+000  0.0000000e+000  0.0000000e+000  0.0000000e+000  0.0000000e+000  0.0000000e+000  0.0000000e+000  0.0000000e+000  0.0000000e+000 -1.5178862e-001  8.7342098e-004  3.0629980e-002  2.4459468e-003  1.1187542e-002  2.4840623e-002  2.2451938e-002 -1.8325219e-002  1.0763071e-002  9.9422138e-003 -1.1779836e-002 -1.3044359e-003  1.7420429e-002 -1.4405924e-002  7.8552571e-004 -7.1598486e-003  8.1796222e-003
  0.0000000e+000  0.0000000e+000  0.0000000e+000  0.0000000e+000  0.0000000e+000  0.0000000e+000  0.0000000e+000  0.0000000e+000  0.0000000e+000  0.0000000e+000  0.0000000e+000  0.0000000e+000  0.0000000e+000  0.0000000e+000  0.0000000e+000  0.0000000e+000  0.0000000e+000 -1.3707496e-001  1.0000000e+000 -1.9406065e-001  9.9855508e-001  8.4473389e-001 -2.8747621e-001 -5.3794257e-001 -2.3688967e-001  8.7319912e-001 -8.1510640e-001 -4.2360617e-001  9.9889280e-001 -6.0392918e-001 -7.7615645e-001 -1.0000000e+000  8.9367939e-001  3.8308049e-001
  0.0000000e+000  0.0000000e+000  0.0000000e+000  0.0000000e+000  0.0000000e+000  0.0000000e+000  0.0000000e+000  0.0000000e+000  0.0000000e+000  0.0000000e+000  0.0000000e+000  0.0000000e+000  0.0000000e+000  0.0000000e+000  0.0000000e+000  0.0000000e+000  0.0000000e+000  1.4100145e-001 -6.2061127e-003 -2.3175779e-002 -6.9772104e-003 -2.7649386e-002 -1.7059385e-002  6.4742014e-003 -6.2961809e-001 -2.3764453e-002  1.7177830e-002 -4.5519234e-003 -3.6107192e-003  7.2936233e-003  1.2272347e-002  2.2516482e-003 -1.3365361e-002  3.7919475e-003
  0.0000000e+000  0.0000000e+000  0.0000000e+000  0.0000000e+000  0.0000000e+000  0.0000000e+000  0.0000000e+000  0.0000000e+000  0.0000000e+000  0.0000000e+000  0.0000000e+000  0.0000000e+000  0.0000000e+000  0.0000000e+000  0.0000000e+000  0.0000000e+000  0.0000000e+000  4.2599938e-001 -9.7059884e-001  6.3803338e-001 -9.3508490e-001 -2.6969893e-001  7.6302795e-001  9.4033905e-001 -2.8870165e+000 -1.9262519e-001  2.1890507e-001 -1.0000000e+000  8.3205119e-001  9.5270275e-001 -8.9164532e-001 -8.6109692e-001 -1.2192811e-001  9.4549612e-001
  0.0000000e+000  0.0000000e+000  0.0000000e+000  0.0000000e+000  0.0000000e+000  0.0000000e+000  0.0000000e+000  0.0000000e+000  0.0000000e+000  0.0000000e+000  0.0000000e+000  0.0000000e+000  0.0000000e+000  0.0000000e+000  0.0000000e+000  0.0000000e+000  0.0000000e+000 -1.1914271e-001  1.0837192e-002  9.8589003e-003  1.0993258e-002  2.4748146e-002  4.0654857e-003 -2.7286655e-002  7.0194948e-001  1.8387898e-002  3.4895981e-003  5.0423723e-003 -5.0599810e-003 -2.1720560e-002  1.6187451e-002  3.4040025e-003 -4.3605766e-003 -2.6309139e-003
  0.0000000e+000  0.0000000e+000  0.0000000e+000  0.0000000e+000  0.0000000e+000  0.0000000e+000  0.0000000e+000  0.0000000e+000  0.0000000e+000  0.0000000e+000  0.0000000e+000  0.0000000e+000  0.0000000e+000  0.0000000e+000  0.0000000e+000  0.0000000e+000  0.0000000e+000 -6.7105664e-001  8.8678704e-001 -8.9604926e-001  8.1130868e-001 -4.8561715e-001 -1.0000000e+000 -1.0748884e-001  8.0519622e-001 -6.3595832e-001  1.0000000e+000 -9.7672458e-001  5.3611277e-001  4.5048127e-002  6.4827411e-001 -6.0242948e-001 -9.9889385e-001  1.0000000e+000
  0.0000000e+000  0.0000000e+000  0.0000000e+000  0.0000000e+000  0.0000000e+000  0.0000000e+000  0.0000000e+000  0.0000000e+000  0.0000000e+000  0.0000000e+000  0.0000000e+000  0.0000000e+000  0.0000000e+000  0.0000000e+000  0.0000000e+000  0.0000000e+000  0.0000000e+000  9.4452355e-002 -1.8171764e-002  9.6381914e-003 -1.5570767e-002 -8.0760334e-004  1.1521130e-002  8.4937000e-003 -1.4163553e-002  2.2450728e-003 -1.2034783e-002  9.5987664e-003 -4.7108301e-003  4.7065351e-003 -9.4249171e-003  4.0349369e-003  9.3380827e-003 -7.5094936e-003
  0.0000000e+000  0.0000000e+000  0.0000000e+000  0.0000000e+000  0.0000000e+000  0.0000000e+000  0.0000000e+000  0.0000000e+000  0.0000000e+000  0.0000000e+000  0.0000000e+000  0.0000000e+000  0.0000000e+000  0.0000000e+000  0.0000000e+000  0.0000000e+000  0.0000000e+000  9.9260183e-001 -8.3798711e-001  1.0000000e+000 -6.6942874e-001  9.8709546e-001  9.6329121e-001 -9.7296390e-001  9.6816516e-001  9.9975707e-001  6.3333940e-001 -4.3336431e-001  1.9495220e-001 -1.0000000e+000  1.0000000e+000 -2.6133097e-001 -7.4647815e-001  5.2101195e-001
  0.0000000e+000  0.0000000e+000  0.0000000e+000  0.0000000e+000  0.0000000e+000  0.0000000e+000  0.0000000e+000  0.0000000e+000  0.0000000e+000  0.0000000e+000  0.0000000e+000  0.0000000e+000  0.0000000e+000  0.0000000e+000  0.0000000e+000  0.0000000e+000  0.0000000e+000  7.4128267e-002  1.6678908e-001 -1.4535820e-001 -1.2868968e-002 -1.0242057e-001  1.3206253e-002  7.3584012e-002 -5.4744649e-002  9.7181082e-003 -2.7475779e-002  1.4891664e-002 -5.6054194e-003 -7.2747443e-003  5.7972465e-003 -1.0732386e-003 -3.6617227e-003  2.2828662e-003
 -4.1802737e-002  4.4333118e-002 -5.8488664e-002 -7.3254652e-002 -6.0921291e-002 -9.7817165e-002  1.0077661e-001 -1.1242596e-001  1.3451027e-001 -1.0914523e-001 -1.1159649e-001 -1.0636859e-001  1.0978190e-001 -1.8631777e-008  9.4711237e-002  9.9672267e-002  8.4938280e-002  0.0000000e+000  0.0000000e+000  0.0000000e+000  0.0000000e+000  0.0000000e+000  0.0000000e+000  0.0000000e+000  0.0000000e+000  0.0000000e+000  0.0000000e+000  0.0000000e+000  0.0000000e+000  0.0000000e+000  0.0000000e+000  0.0000000e+000  0.0000000e+000  0.0000000e+000
 -4.4159048e-001  4.6776225e-001 -5.2692186e-001 -6.5005119e-001 -4.5464639e-001 -6.7768502e-001  5.9228022e-001 -5.2452816e-001  5.1241333e-001 -2.1735470e-001 -1.3365805e-001  1.3768567e-001 -2.2276254e-001 -2.7083002e-007 -5.2683591e-001 -6.0808813e-001 -9.4579422e-001  0.0000000e+000  0.0000000e+000  0.0000000e+000  0.0000000e+000  0.0000000e+000  0.0000000e+000  0.0000000e+000  0.0000000e+000  0.0000000e+000  0.0000000e+000  0.0000000e+000  0.0000000e+000  0.0000000e+000  0.0000000e+000  0.0000000e+000  0.0000000e+000  0.0000000e+000
 -1.3547922e-001  1.4340369e-001 -1.5123707e-001 -1.8483112e-001 -1.1957882e-001 -1.6995964e-001  1.3794469e-001 -1.0367762e-001  9.1662832e-002 -1.5931691e-002  2.4445435e-003  5.4285199e-002 -6.9458273e-002 -9.1786812e-008 -9.1575835e-002 -1.0659601e-001 -9.8742751e-002  0.0000000e+000  0.0000000e+000  0.0000000e+000  0.0000000e+000  0.0000000e+000  0.0000000e+000  0.0000000e+000  0.0000000e+000  0.0000000e+000  0.0000000e+000  0.0000000e+000  0.0000000e+000  0.0000000e+000  0.0000000e+000  0.0000000e+000  0.0000000e+000  0.0000000e+000
 -6.4244284e-001  6.7794913e-001 -4.5784935e-001 -5.2233480e-001 -9.1667275e-002  5.5014103e-002 -3.4575067e-001  7.2186323e-001 -1.0000000e+000  1.0000000e+000  9.9954727e-001  8.4120665e-001 -7.5529426e-001  7.0203923e-007 -2.2031587e-001 -9.5787665e-002  5.7799213e-001  0.0000000e+000  0.0000000e+000  0.0000000e+000  0.0000000e+000  0.0000000e+000  0.0000000e+000  0.0000000e+000  0.0000000e+000  0.0000000e+000  0.0000000e+000  0.0000000e+000  0.0000000e+000  0.0000000e+000  0.0000000e+000  0.0000000e+000  0.0000000e+000  0.0000000e+000
 -2.4302372e-001  2.5654601e-001 -1.9386580e-001 -2.2605824e-001 -8.2991399e-002 -7.5437390e-002  1.0264559e-003  7.3027774e-002 -1.1444109e-001  1.0210705e-001  9.7805062e-002  3.0981719e-002 -1.6153351e-002  6.7546192e-007  6.5991201e-002  8.4505986e-002  1.1428381e-001  0.0000000e+000  0.0000000e+000  0.0000000e+000  0.0000000e+000  0.0000000e+000  0.0000000e+000  0.0000000e+000  0.0000000e+000  0.0000000e+000  0.0000000e+000  0.0000000e+000  0.0000000e+000  0.0000000e+000  0.0000000e+000  0.0000000e+000  0.0000000e+000  0.0000000e+000
 -6.2118108e-001  6.5073920e-001  5.8399439e-003  9.7110092e-002  4.9950969e-001  9.3964420e-001 -9.8644493e-001  8.5513908e-001 -7.2598597e-001 -1.3314568e-001 -3.4641090e-001 -9.4414919e-001  1.0000000e+000  1.3213204e-005  7.2528423e-001  6.4200158e-001 -3.4014896e-001  0.0000000e+000  0.0000000e+000  0.0000000e+000  0.0000000e+000  0.0000000e+000  0.0000000e+000  0.0000000e+000  0.0000000e+000  0.0000000e+000  0.0000000e+000  0.0000000e+000  0.0000000e+000  0.0000000e+000  0.0000000e+000  0.0000000e+000  0.0000000e+000  0.0000000e+000
 -3.3107642e-001  3.4819779e-001 -1.4726593e-001 -1.5251129e-001  2.6854774e-002  9.6008975e-002 -1.3019240e-001  1.0968956e-001 -8.5447602e-002 -4.2007020e-002 -6.7384499e-002 -9.2497959e-002  9.0393864e-002  5.1986424e-006 -1.5714387e-002 -3.3322249e-002 -1.2018082e-001  0.0000000e+000  0.0000000e+000  0.0000000e+000  0.0000000e+000  0.0000000e+000  0.0000000e+000  0.0000000e+000  0.0000000e+000  0.0000000e+000  0.0000000e+000  0.0000000e+000  0.0000000e+000  0.0000000e+000  0.0000000e+000  0.0000000e+000  0.0000000e+000  0.0000000e+000
 -4.1735802e-001  4.2981642e-001  5.3425740e-001  7.4670356e-001  6.5992056e-001  8.0964303e-001 -2.6863808e-001 -5.2605728e-001  9.5695742e-001 -8.9011168e-001 -7.4890596e-001  2.8963359e-001 -4.8350305e-001 -8.6641681e-006 -1.0000000e+000 -9.8718606e-001  5.3366809e-002  0.0000000e+000  0.0000000e+000  0.0000000e+000  0.0000000e+000  0.0000000e+000  0.0000000e+000  0.0000000e+000  0.0000000e+000  0.0000000e+000  0.0000000e+000  0.0000000e+000  0.0000000e+000  0.0000000e+000  0.0000000e+000  0.0000000e+000  0.0000000e+000  0.0000000e+000
 -3.7444153e-001  3.9183125e-001 -2.9481024e-002  2.2481998e-003  1.0904008e-001  1.5247443e-001 -7.1806063e-002 -5.6608893e-002  1.1629237e-001 -8.0342952e-002 -5.5022609e-002  7.6498745e-002 -9.3866418e-002 -2.1032120e-005 -3.9848065e-002 -2.8935966e-002  1.1740295e-001  0.0000000e+000  0.0000000e+000  0.0000000e+000  0.0000000e+000  0.0000000e+000  0.0000000e+000  0.0000000e+000  0.0000000e+000  0.0000000e+000  0.0000000e+000  0.0000000e+000  0.0000000e+000  0.0000000e+000  0.0000000e+000  0.0000000e+000  0.0000000e+000  0.0000000e+000
 -9.0885924e-002  8.1496654e-002  8.0160624e-001  1.0000000e+000  2.0690494e-001 -2.3371627e-001  8.2499248e-001 -9.2541996e-001  6.9853555e-001  6.1729648e-001  8.3099957e-001  6.1220321e-001 -4.1395748e-001 -5.9821742e-004  9.1950697e-001  1.0000000e+000  2.3374177e-001  0.0000000e+000  0.0000000e+000  0.0000000e+000  0.0000000e+000  0.0000000e+000  0.0000000e+000  0.0000000e+000  0.0000000e+000  0.0000000e+000  0.0000000e+000  0.0000000e+000  0.0000000e+000  0.0000000e+000  0.0000000e+000  0.0000000e+000  0.0000000e+000  0.0000000e+000
 -3.5897582e-001  3.7314217e-001  9.8150405e-002  1.5212258e-001  8.7712587e-002  3.0650940e-002  9.3230949e-002 -1.1902486e-001  8.2744122e-002  8.4663976e-002  1.0217237e-001  3.4269256e-003  2.3834090e-002 -2.6519266e-004  8.1550054e-002  8.1596451e-002 -1.0607900e-001  0.0000000e+000  0.0000000e+000  0.0000000e+000  0.0000000e+000  0.0000000e+000  0.0000000e+000  0.0000000e+000  0.0000000e+000  0.0000000e+000  0.0000000e+000  0.0000000e+000  0.0000000e+000  0.0000000e+000  0.0000000e+000  0.0000000e+000  0.0000000e+000  0.0000000e+000
  2.8464383e-001 -3.1295469e-001  6.3905766e-001  6.8780074e-001 -4.1824705e-001 -1.0000000e+000  7.5681415e-001  3.8191244e-001 -9.8420236e-001  5.5869800e-001  2.1047648e-001 -1.0000000e+000  9.8449815e-001 -6.2989503e-004 -5.1408117e-001 -6.7600124e-001 -5.0617381e-001  0.0000000e+000  0.0000000e+000  0.0000000e+000  0.0000000e+000  0.0000000e+000  0.0000000e+000  0.0000000e+000  0.0000000e+000  0.0000000e+000  0.0000000e+000  0.0000000e+000  0.0000000e+000  0.0000000e+000  0.0000000e+000  0.0000000e+000  0.0000000e+000  0.0000000e+000
 -2.8300462e-001  2.9156476e-001  1.6546785e-001  2.1171285e-001 -1.0141201e-002 -1.2818058e-001  1.3536234e-001  3.8267021e-002 -1.2377076e-001  3.3939375e-002 -1.3139040e-002 -7.9574938e-002  6.3418720e-002  4.8000163e-004 -9.3752595e-002 -1.0607666e-001  8.6192886e-002  0.0000000e+000  0.0000000e+000  0.0000000e+000  0.0000000e+000  0.0000000e+000  0.0000000e+000  0.0000000e+000  0.0000000e+000  0.0000000e+000  0.0000000e+000  0.0000000e+000  0.0000000e+000  0.0000000e+000  0.0000000e+000  0.0000000e+000  0.0000000e+000  0.0000000e+000
  6.3274659e-001 -6.6948254e-001  1.1195701e-001 -1.5297364e-002 -5.7619854e-001 -6.1205631e-001 -3.0867115e-001  1.0000000e+000 -7.5560842e-001 -9.2846735e-001 -1.0000000e+000  5.6693834e-001 -8.0834749e-001  2.5353614e-002 -5.8612874e-002  1.4073568e-001  7.2659622e-001  0.0000000e+000  0.0000000e+000  0.0000000e+000  0.0000000e+000  0.0000000e+000  0.0000000e+000  0.0000000e+000  0.0000000e+000  0.0000000e+000  0.0000000e+000  0.0000000e+000  0.0000000e+000  0.0000000e+000  0.0000000e+000  0.0000000e+000  0.0000000e+000  0.0000000e+000
 -1.5679108e-001  1.5960912e-001  1.3071372e-001  1.4783152e-001 -7.4003175e-002 -1.4170960e-001  1.9737824e-002  1.2974738e-001 -1.0964489e-001 -1.0782180e-001 -1.0834718e-001  9.4674295e-002 -1.1118296e-001  1.2524462e-002  7.8325560e-002  1.0226512e-001 -6.5519920e-002  0.0000000e+000  0.0000000e+000  0.0000000e+000  0.0000000e+000  0.0000000e+000  0.0000000e+000  0.0000000e+000  0.0000000e+000  0.0000000e+000  0.0000000e+000  0.0000000e+000  0.0000000e+000  0.0000000e+000  0.0000000e+000  0.0000000e+000  0.0000000e+000  0.0000000e+000
  8.8648228e-001 -9.1502890e-001 -5.2842914e-001 -6.9827471e-001 -1.3665192e-002  4.6421471e-001 -6.2629983e-001 -1.7582714e-001  6.9059223e-001 -1.2065968e-001  2.3837623e-001  4.1605356e-001 -1.5985231e-001  7.0732249e-002  7.0088779e-001  5.7749361e-001 -1.0000000e+000  0.0000000e+000  0.0000000e+000  0.0000000e+000  0.0000000e+000  0.0000000e+000  0.0000000e+000  0.0000000e+000  0.0000000e+000  0.0000000e+000  0.0000000e+000  0.0000000e+000  0.0000000e+000  0.0000000e+000  0.0000000e+000  0.0000000e+000  0.0000000e+000  0.0000000e+000
  1.0000000e+000 -1.0000000e+000 -1.0000000e+000 -9.5513512e-001  1.0000000e+000  9.3937479e-001  1.0000000e+000 -8.6678208e-001 -5.8487107e-001  7.1042780e-001 -2.4506680e-001 -6.0954386e-001 -1.4725529e-001 -1.0000000e+000 -5.0030540e-001  9.6297037e-002  4.3242811e-001  0.0000000e+000  0.0000000e+000  0.0000000e+000  0.0000000e+000  0.0000000e+000  0.0000000e+000  0.0000000e+000  0.0000000e+000  0.0000000e+000  0.0000000e+000  0.0000000e+000  0.0000000e+000  0.0000000e+000  0.0000000e+000  0.0000000e+000  0.0000000e+000  0.0000000e+000
  4.1802737e-002  4.4333118e-002  5.8488664e-002 -7.3254652e-002  6.0921291e-002 -9.7817165e-002 -1.0077661e-001 -1.1242596e-001 -1.3451027e-001 -1.0914523e-001  1.1159649e-001 -1.0636859e-001 -1.0978190e-001 -1.8631777e-008  9.4711237e-002 -9.9672267e-002  8.4938280e-002  0.0000000e+000  0.0000000e+000  0.0000000e+000  0.0000000e+000  0.0000000e+000  0.0000000e+000  0.0000000e+000  0.0000000e+000  0.0000000e+000  0.0000000e+000  0.0000000e+000  0.0000000e+000  0.0000000e+000  0.0000000e+000  0.0000000e+000  0.0000000e+000  0.0000000e+000
  4.4159048e-001  4.6776225e-001  5.2692186e-001 -6.5005119e-001  4.5464639e-001 -6.7768502e-001 -5.9228022e-001 -5.2452816e-001 -5.1241333e-001 -2.1735470e-001  1.3365805e-001  1.3768567e-001  2.2276254e-001 -2.7083000e-007 -5.2683591e-001  6.0808813e-001 -9.4579422e-001  0.0000000e+000  0.0000000e+000  0.0000000e+000  0.0000000e+000  0.0000000e+000  0.0000000e+000  0.0000000e+000  0.0000000e+000  0.0000000e+000  0.0000000e+000  0.0000000e+000  0.0000000e+000  0.0000000e+000  0.0000000e+000  0.0000000e+000  0.0000000e+000  0.0000000e+000
  1.3547922e-001  1.4340369e-001  1.5123707e-001 -1.8483112e-001  1.1957882e-001 -1.6995964e-001 -1.3794469e-001 -1.0367762e-001 -9.1662832e-002 -1.5931691e-002 -2.4445435e-003  5.4285199e-002  6.9458273e-002 -9.1786811e-008 -9.1575835e-002  1.0659601e-001 -9.8742751e-002  0.0000000e+000  0.0000000e+000  0.0000000e+000  0.0000000e+000  0.0000000e+000  0.0000000e+000  0.0000000e+000  0.0000000e+000  0.0000000e+000  0.0000000e+000  0.0000000e+000  0.0000000e+000  0.0000000e+000  0.0000000e+000  0.0000000e+000  0.0000000e+000  0.0000000e+000
  6.4244284e-001  6.7794913e-001  4.5784935e-001 -5.2233480e-001  9.1667275e-002  5.5014103e-002  3.4575067e-001  7.2186323e-001  1.0000000e+000  1.0000000e+000 -9.9954727e-001  8.4120665e-001  7.5529426e-001  7.0203925e-007 -2.2031587e-001  9.5787665e-002  5.7799213e-001  0.0000000e+000  0.0000000e+000  0.0000000e+000  0.0000000e+000  0.0000000e+000  0.0000000e+000  0.0000000e+000  0.0000000e+000  0.0000000e+000  0.0000000e+000  0.0000000e+000  0.0000000e+000  0.0000000e+000  0.0000000e+000  0.0000000e+000  0.0000000e+000  0.0000000e+000
  2.4302372e-001  2.5654601e-001  1.9386580e-001 -2.2605824e-001  8.2991399e-002 -7.5437390e-002 -1.0264559e-003  7.3027774e-002  1.1444109e-001  1.0210705e-001 -9.7805062e-002  3.0981719e-002  1.6153351e-002  6.7546192e-007  6.5991201e-002 -8.4505986e-002  1.1428381e-001  0.0000000e+000  0.0000000e+000  0.0000000e+000  0.0000000e+000  0.0000000e+000  0.0000000e+000  0.0000000e+000  0.0000000e+000  0.0000000e+000  0.0000000e+000  0.0000000e+000  0.0000000e+000  0.0000000e+000  0.0000000e+000  0.0000000e+000  0.0000000e+000  0.0000000e+000
  6.2118108e-001  6.5073920e-001 -5.8399439e-003  9.7110092e-002 -4.9950969e-001  9.3964420e-001  9.8644493e-001  8.5513908e-001  7.2598597e-001 -1.3314568e-001  3.4641090e-001 -9.4414919e-001 -1.0000000e+000  1.3213204e-005  7.2528423e-001 -6.4200158e-001 -3.4014896e-001  0.0000000e+000  0.0000000e+000  0.0000000e+000  0.0000000e+000  0.0000000e+000  0.0000000e+000  0.0000000e+000  0.0000000e+000  0.0000000e+000  0.0000000e+000  0.0000000e+000  0.0000000e+000  0.0000000e+000  0.0000000e+000  0.0000000e+000  0.0000000e+000  0.0000000e+000
  3.3107642e-001  3.4819779e-001  1.4726593e-001 -1.5251129e-001 -2.6854774e-002  9.6008975e-002  1.3019240e-001  1.0968956e-001  8.5447602e-002 -4.2007020e-002  6.7384499e-002 -9.2497959e-002 -9.0393864e-002  5.1986424e-006 -1.5714387e-002  3.3322249e-002 -1.2018082e-001  0.0000000e+000  0.0000000e+000  0.0000000e+000  0.0000000e+000  0.0000000e+000  0.0000000e+000  0.0000000e+000  0.0000000e+000  0.0000000e+000  0.0000000e+000  0.0000000e+000  0.0000000e+000  0.0000000e+000  0.0000000e+000  0.0000000e+000  0.0000000e+000  0.0000000e+000
  4.1735802e-001  4.2981642e-001 -5.3425740e-001  7.4670356e-001 -6.5992056e-001  8.0964303e-001  2.6863808e-001 -5.2605728e-001 -9.5695742e-001 -8.9011168e-001  7.4890596e-001  2.8963359e-001  4.8350305e-001 -8.6641682e-006 -1.0000000e+000  9.8718606e-001  5.3366809e-002  0.0000000e+000  0.0000000e+000  0.0000000e+000  0.0000000e+000  0.0000000e+000  0.0000000e+000  0.0000000e+000  0.0000000e+000  0.0000000e+000  0.0000000e+000  0.0000000e+000  0.0000000e+000  0.0000000e+000  0.0000000e+000  0.0000000e+000  0.0000000e+000  0.0000000e+000
  3.7444153e-001  3.9183125e-001  2.9481024e-002  2.2481998e-003 -1.0904008e-001  1.5247443e-001  7.1806063e-002 -5.6608893e-002 -1.1629237e-001 -8.0342952e-002  5.5022609e-002  7.6498745e-002  9.3866418e-002 -2.1032120e-005 -3.9848065e-002  2.8935966e-002  1.1740295e-001  0.0000000e+000  0.0000000e+000  0.0000000e+000  0.0000000e+000  0.0000000e+000  0.0000000e+000  0.0000000e+000  0.0000000e+000  0.0000000e+000  0.0000000e+000  0.0000000e+000  0.0000000e+000  0.0000000e+000  0.0000000e+000  0.0000000e+000  0.0000000e+000  0.0000000e+000
  9.0885924e-002  8.1496654e-002 -8.0160624e-001  1.0000000e+000 -2.0690494e-001 -2.3371627e-001 -8.2499248e-001 -9.2541996e-001 -6.9853555e-001  6.1729648e-001 -8.3099957e-001  6.1220321e-001  4.1395748e-001 -5.9821742e-004  9.1950697e-001 -1.0000000e+000  2.3374177e-001  0.0000000e+000  0.0000000e+000  0.0000000e+000  0.0000000e+000  0.0000000e+000  0.0000000e+000  0.0000000e+000  0.0000000e+000  0.0000000e+000  0.0000000e+000  0.0000000e+000  0.0000000e+000  0.0000000e+000  0.0000000e+000  0.0000000e+000  0.0000000e+000  0.0000000e+000
  3.5897582e-001  3.7314217e-001 -9.8150405e-002  1.5212258e-001 -8.7712587e-002  3.0650940e-002 -9.3230949e-002 -1.1902486e-001 -8.2744122e-002  8.4663976e-002 -1.0217237e-001  3.4269256e-003 -2.3834090e-002 -2.6519266e-004  8.1550054e-002 -8.1596451e-002 -1.0607900e-001  0.0000000e+000  0.0000000e+000  0.0000000e+000  0.0000000e+000  0.0000000e+000  0.0000000e+000  0.0000000e+000  0.0000000e+000  0.0000000e+000  0.0000000e+000  0.0000000e+000  0.0000000e+000  0.0000000e+000  0.0000000e+000  0.0000000e+000  0.0000000e+000  0.0000000e+000
 -2.8464383e-001 -3.1295469e-001 -6.3905766e-001  6.8780074e-001  4.1824705e-001 -1.0000000e+000 -7.5681415e-001  3.8191244e-001  9.8420236e-001  5.5869800e-001 -2.1047648e-001 -1.0000000e+000 -9.8449815e-001 -6.2989503e-004 -5.1408117e-001  6.7600124e-001 -5.0617381e-001  0.0000000e+000  0.0000000e+000  0.0000000e+000  0.0000000e+000  0.0000000e+000  0.0000000e+000  0.0000000e+000  0.0000000e+000  0.0000000e+000  0.0000000e+000  0.0000000e+000  0.0000000e+000  0.0000000e+000  0.0000000e+000  0.0000000e+000  0.0000000e+000  0.0000000e+000
  2.8300462e-001  2.9156476e-001 -1.6546785e-001  2.1171285e-001  1.0141201e-002 -1.2818058e-001 -1.3536234e-001  3.8267021e-002  1.2377076e-001  3.3939375e-002  1.3139040e-002 -7.9574938e-002 -6.3418720e-002  4.8000163e-004 -9.3752595e-002  1.0607666e-001  8.6192886e-002  0.0000000e+000  0.0000000e+000  0.0000000e+000  0.0000000e+000  0.0000000e+000  0.0000000e+000  0.0000000e+000  0.0000000e+000  0.0000000e+000  0.0000000e+000  0.0000000e+000  0.0000000e+000  0.0000000e+000  0.0000000e+000  0.0000000e+000  0.0000000e+000  0.0000000e+000
 -6.3274659e-001 -6.6948254e-001 -1.1195701e-001 -1.5297364e-002  5.7619854e-001 -6.1205631e-001  3.0867115e-001  1.0000000e+000  7.5560842e-001 -9.2846735e-001  1.0000000e+000  5.6693834e-001  8.0834749e-001  2.5353614e-002 -5.8612874e-002 -1.4073568e-001  7.2659622e-001  0.0000000e+000  0.0000000e+000  0.0000000e+000  0.0000000e+000  0.0000000e+000  0.0000000e+000  0.0000000e+000  0.0000000e+000  0.0000000e+000  0.0000000e+000  0.0000000e+000  0.0000000e+000  0.0000000e+000  0.0000000e+000  0.0000000e+000  0.0000000e+000  0.0000000e+000
  1.5679108e-001  1.5960912e-001 -1.3071372e-001  1.4783152e-001  7.4003175e-002 -1.4170960e-001 -1.9737824e-002  1.2974738e-001  1.0964489e-001 -1.0782180e-001  1.0834718e-001  9.4674295e-002  1.1118296e-001  1.2524462e-002  7.8325560e-002 -1.0226512e-001 -6.5519920e-002  0.0000000e+000  0.0000000e+000  0.0000000e+000  0.0000000e+000  0.0000000e+000  0.0000000e+000  0.0000000e+000  0.0000000e+000  0.0000000e+000  0.0000000e+000  0.0000000e+000  0.0000000e+000  0.0000000e+000  0.0000000e+000  0.0000000e+000  0.0000000e+000  0.0000000e+000
 -8.8648228e-001 -9.1502890e-001  5.2842914e-001 -6.9827471e-001  1.3665192e-002  4.6421471e-001  6.2629983e-001 -1.7582714e-001 -6.9059223e-001 -1.2065968e-001 -2.3837623e-001  4.1605356e-001  1.5985231e-001  7.0732249e-002  7.0088779e-001 -5.7749361e-001 -1.0000000e+000  0.0000000e+000  0.0000000e+000  0.0000000e+000  0.0000000e+000  0.0000000e+000  0.0000000e+000  0.0000000e+000  0.0000000e+000  0.0000000e+000  0.0000000e+000  0.0000000e+000  0.0000000e+000  0.0000000e+000  0.0000000e+000  0.0000000e+000  0.0000000e+000  0.0000000e+000
 -1.0000000e+000 -1.0000000e+000  1.0000000e+000 -9.5513512e-001 -1.0000000e+000  9.3937479e-001 -1.0000000e+000 -8.6678208e-001  5.8487107e-001  7.1042780e-001  2.4506680e-001 -6.0954386e-001  1.4725529e-001 -1.0000000e+000 -5.0030540e-001 -9.6297037e-002  4.3242811e-001  0.0000000e+000  0.0000000e+000  0.0000000e+000  0.0000000e+000  0.0000000e+000  0.0000000e+000  0.0000000e+000  0.0000000e+000  0.0000000e+000  0.0000000e+000  0.0000000e+000  0.0000000e+000  0.0000000e+000  0.0000000e+000  0.0000000e+000  0.0000000e+000  0.0000000e+000
  0.0000000e+000  0.0000000e+000  0.0000000e+000  0.0000000e+000  0.0000000e+000  0.0000000e+000  0.0000000e+000  0.0000000e+000  0.0000000e+000  0.0000000e+000  0.0000000e+000  0.0000000e+000  0.0000000e+000  0.0000000e+000  0.0000000e+000  0.0000000e+000  0.0000000e+000 -9.1409582e-002  2.1055347e-002  1.3478904e-002 -1.5426572e-002 -1.8257496e-003 -1.1257623e-002  6.9270758e-003  1.3320679e-002  2.0422582e-003 -1.1775582e-002 -9.5324947e-003 -4.7043252e-003 -4.8376142e-003 -9.5028525e-003 -4.0360704e-003 -9.3689961e-003 -7.5187260e-003
  0.0000000e+000  0.0000000e+000  0.0000000e+000  0.0000000e+000  0.0000000e+000  0.0000000e+000  0.0000000e+000  0.0000000e+000  0.0000000e+000  0.0000000e+000  0.0000000e+000  0.0000000e+000  0.0000000e+000  0.0000000e+000  0.0000000e+000  0.0000000e+000  0.0000000e+000  1.0000000e+000 -7.4584144e-001 -9.7812212e-001  6.7816575e-001  1.0000000e+000  9.6730982e-001  1.0000000e+000  1.0000000e+000 -1.0000000e+000 -6.5421001e-001 -4.4664577e-001 -2.0040452e-001 -9.9836401e-001 -9.9732971e-001 -2.6030022e-001 -7.4401049e-001 -5.1907853e-001
  0.0000000e+000  0.0000000e+000  0.0000000e+000  0.0000000e+000  0.0000000e+000  0.0000000e+000  0.0000000e+000  0.0000000e+000  0.0000000e+000  0.0000000e+000  0.0000000e+000  0.0000000e+000  0.0000000e+000  0.0000000e+000  0.0000000e+000  0.0000000e+000  0.0000000e+000  1.1705550e-001 -1.3883818e-002  6.3670519e-003  1.0818795e-002 -2.3392416e-002 -4.3383425e-003 -2.7414828e-002 -2.0321003e-002  1.8516316e-002  3.8899977e-003 -4.8953365e-003 -5.0423225e-003  2.1726066e-002  1.6136690e-002 -3.4066189e-003  4.3191163e-003 -2.6486616e-003
  0.0000000e+000  0.0000000e+000  0.0000000e+000  0.0000000e+000  0.0000000e+000  0.0000000e+000  0.0000000e+000  0.0000000e+000  0.0000000e+000  0.0000000e+000  0.0000000e+000  0.0000000e+000  0.0000000e+000  0.0000000e+000  0.0000000e+000  0.0000000e+000  0.0000000e+000 -6.9020462e-001  8.1226881e-001  9.2232221e-001 -8.1809916e-001 -5.4670908e-001 -9.9828390e-001  5.3133524e-002  7.7432225e-001  6.2993239e-001 -9.9634437e-001 -9.8263009e-001 -5.4076598e-001  3.8874874e-002 -6.5253714e-001 -6.0157012e-001 -1.0000000e+000 -9.9933277e-001
  0.0000000e+000  0.0000000e+000  0.0000000e+000  0.0000000e+000  0.0000000e+000  0.0000000e+000  0.0000000e+000  0.0000000e+000  0.0000000e+000  0.0000000e+000  0.0000000e+000  0.0000000e+000  0.0000000e+000  0.0000000e+000  0.0000000e+000  0.0000000e+000  0.0000000e+000 -1.3966233e-001  9.6115911e-003 -2.0571358e-002 -6.7765207e-003  2.8262016e-002  1.7266776e-002  7.9470106e-003 -1.7715154e-002 -2.3724583e-002  1.7261227e-002  4.7016198e-003 -3.5833883e-003 -7.1684892e-003  1.2341810e-002 -2.2553894e-003  1.3360233e-002  3.7751530e-003
  0.0000000e+000  0.0000000e+000  0.0000000e+000  0.0000000e+000  0.0000000e+000  0.0000000e+000  0.0000000e+000  0.0000000e+000  0.0000000e+000  0.0000000e+000  0.0000000e+000  0.0000000e+000  0.0000000e+000  0.0000000e+000  0.0000000e+000  0.0000000e+000  0.0000000e+000  4.4787137e-001 -9.2508069e-001 -7.1599860e-001  9.3932892e-001 -1.9617057e-001  7.5584309e-001 -9.2529669e-001 -8.4269758e-001  2.0040847e-001 -1.9690850e-001 -9.9544642e-001 -8.3518840e-001  9.5476157e-001  8.8839542e-001 -8.6052832e-001 -1.2533937e-001 -9.4645163e-001
  0.0000000e+000  0.0000000e+000  0.0000000e+000  0.0000000e+000  0.0000000e+000  0.0000000e+000  0.0000000e+000  0.0000000e+000  0.0000000e+000  0.0000000e+000  0.0000000e+000  0.0000000e+000  0.0000000e+000  0.0000000e+000  0.0000000e+000  0.0000000e+000  0.0000000e+000  1.5133215e-001 -4.4377746e-003  2.9677994e-002  2.2319651e-003 -1.3368311e-002 -2.4917707e-002  2.1566783e-002  1.9007336e-002  1.0585556e-002  9.6129180e-003  1.1842485e-002 -1.2716697e-003 -1.7499341e-002 -1.4345199e-002 -7.8987144e-004  7.1968833e-003  8.1728028e-003
  0.0000000e+000  0.0000000e+000  0.0000000e+000  0.0000000e+000  0.0000000e+000  0.0000000e+000  0.0000000e+000  0.0000000e+000  0.0000000e+000  0.0000000e+000  0.0000000e+000  0.0000000e+000  0.0000000e+000  0.0000000e+000  0.0000000e+000  0.0000000e+000  0.0000000e+000 -1.6077391e-001  9.8454007e-001  3.0104540e-001 -1.0000000e+000  8.1260556e-001 -2.7706483e-001  5.8309556e-001 -7.8503559e-001 -8.7669757e-001  8.2768577e-001 -4.1154824e-001 -1.0000000e+000 -5.9895896e-001  7.7995275e-001 -9.9980125e-001  8.9184687e-001 -3.8514537e-001
  0.0000000e+000  0.0000000e+000  0.0000000e+000  0.0000000e+000  0.0000000e+000  0.0000000e+000  0.0000000e+000  0.0000000e+000  0.0000000e+000  0.0000000e+000  0.0000000e+000  0.0000000e+000  0.0000000e+000  0.0000000e+000  0.0000000e+000  0.0000000e+000  0.0000000e+000 -1.5178862e-001 -8.7342098e-004 -3.0629980e-002  2.4459468e-003 -1.1187542e-002  2.4840623e-002 -2.2451938e-002  1.8325219e-002  1.0763071e-002 -9.9422138e-003  1.1779836e-002  1.3044359e-003  1.7420429e-002 -1.4405924e-002  7.8552571e-004 -7.1598486e-003  8.1796222e-003
  0.0000000e+000  0.0000000e+000  0.0000000e+000  0.0000000e+000  0.0000000e+000  0.0000000e+000  0.0000000e+000  0.0000000e+000  0.0000000e+000  0.0000000e+000  0.0000000e+000  0.0000000e+000  0.0000000e+000  0.0000000e+000  0.0000000e+000  0.0000000e+000  0.0000000e+000 -1.3707496e-001 -1.0000000e+000  1.9406065e-001  9.9855508e-001 -8.4473389e-001 -2.8747621e-001  5.3794257e-001  8.1546368e-001  8.7319912e-001  8.1510640e-001  4.2360617e-001 -9.9889280e-001 -6.0392918e-001 -7.7615645e-001 -1.0000000e+000  8.9367939e-001  3.8308049e-001
  0.0000000e+000  0.0000000e+000  0.0000000e+000  0.0000000e+000  0.0000000e+000  0.0000000e+000  0.0000000e+000  0.0000000e+000  0.0000000e+000  0.0000000e+000  0.0000000e+000  0.0000000e+000  0.0000000e+000  0.0000000e+000  0.0000000e+000  0.0000000e+000  0.0000000e+000  1.4100145e-001  6.2061127e-003  2.3175779e-002 -6.9772104e-003  2.7649386e-002 -1.7059385e-002 -6.4742014e-003 -1.8420944e-002 -2.3764453e-002 -1.7177830e-002  4.5519234e-003  3.6107192e-003  7.2936233e-003  1.2272347e-002  2.2516482e-003 -1.3365361e-002  3.7919475e-003
  0.0000000e+000  0.0000000e+000  0.0000000e+000  0.0000000e+000  0.0000000e+000  0.0000000e+000  0.0000000e+000  0.0000000e+000  0.0000000e+000  0.0000000e+000  0.0000000e+000  0.0000000e+000  0.0000000e+000  0.0000000e+000  0.0000000e+000  0.0000000e+000  0.0000000e+000  4.2599938e-001  9.7059884e-001 -6.3803338e-001 -9.3508490e-001  2.6969893e-001  7.6302795e-001 -9.4033905e-001  8.1358587e-001 -1.9262519e-001 -2.1890507e-001  1.0000000e+000 -8.3205119e-001  9.5270275e-001 -8.9164532e-001 -8.6109692e-001 -1.2192811e-001  9.4549612e-001
  0.0000000e+000  0.0000000e+000  0.0000000e+000  0.0000000e+000  0.0000000e+000  0.0000000e+000  0.0000000e+000  0.0000000e+000  0.0000000e+000  0.0000000e+000  0.0000000e+000  0.0000000e+000  0.0000000e+000  0.0000000e+000  0.0000000e+000  0.0000000e+000  0.0000000e+000 -1.1914271e-001 -1.0837192e-002 -9.8589003e-003  1.0993258e-002 -2.4748146e-002  4.0654857e-003  2.7286655e-002 -1.9647111e-002  1.8387898e-002 -3.4895981e-003 -5.0423723e-003  5.0599810e-003 -2.1720560e-002  1.6187451e-002  3.4040025e-003 -4.3605766e-003 -2.6309139e-003
  0.0000000e+000  0.0000000e+000  0.0000000e+000  0.0000000e+000  0.0000000e+000  0.0000000e+000  0.0000000e+000  0.0000000e+000  0.0000000e+000  0.0000000e+000  0.0000000e+000  0.0000000e+000  0.0000000e+000  0.0000000e+000  0.0000000e+000  0.0000000e+000  0.0000000e+000 -6.7105664e-001 -8.8678704e-001  8.9604926e-001  8.1130868e-001  4.8561715e-001 -1.0000000e+000  1.0748884e-001 -8.0519622e-001 -6.3595832e-001 -1.0000000e+000  9.7672458e-001 -5.3611277e-001  4.5048127e-002  6.4827411e-001 -6.0242948e-001 -9.9889385e-001  1.0000000e+000
  0.0000000e+000  0.0000000e+000  0.0000000e+000  0.0000000e+000  0.0000000e+000  0.0000000e+000  0.0000000e+000  0.0000000e+000  0.0000000e+000  0.0000000e+000  0.0000000e+000  0.0000000e+000  0.0000000e+000  0.0000000e+000  0.0000000e+000  0.0000000e+000  0.0000000e+000  9.4452355e-002  1.8171764e-002 -9.6381914e-003 -1.5570767e-002  8.0760334e-004  1.1521130e-002 -8.4937000e-003  1.4163553e-002  2.2450728e-003  1.2034783e-002 -9.5987664e-003  4.7108301e-003  4.7065351e-003 -9.4249171e-003  4.0349369e-003  9.3380827e-003 -7.5094936e-003
  0.0000000e+000  0.0000000e+000  0.0000000e+000  0.0000000e+000  0.0000000e+000  0.0000000e+000  0.0000000e+000  0.0000000e+000  0.0000000e+000  0.0000000e+000  0.0000000e+000  0.0000000e+000  0.0000000e+000  0.0000000e+000  0.0000000e+000  0.0000000e+000  0.0000000e+000  9.9260183e-001  8.3798711e-001 -1.0000000e+000 -6.6942874e-001 -9.8709546e-001  9.6329121e-001  9.7296390e-001 -9.6816516e-001  9.9975707e-001 -6.3333940e-001  4.3336431e-001 -1.9495220e-001 -1.0000000e+000  1.0000000e+000 -2.6133097e-001 -7.4647815e-001  5.2101195e-001
  0.0000000e+000  0.0000000e+000  0.0000000e+000  0.0000000e+000  0.0000000e+000  0.0000000e+000  0.0000000e+000  0.0000000e+000  0.0000000e+000  0.0000000e+000  0.0000000e+000  0.0000000e+000  0.0000000e+000  0.0000000e+000  0.0000000e+000  0.0000000e+000  0.0000000e+000  7.4128267e-002 -1.6678908e-001  1.4535820e-001 -1.2868968e-002  1.0242057e-001  1.3206253e-002 -7.3584012e-002  5.4744649e-002  9.7181082e-003  2.7475779e-002 -1.4891664e-002  5.6054194e-003 -7.2747443e-003  5.7972465e-003 -1.0732386e-003 -3.6617227e-003  2.2828662e-003
